5,170,161,184,55,295
5,170,161,174,179,37,47,440,184,55,58,295
5,170,161,174,179,37,47,440,184,55,295
5,170,161,174,179,37,47,184,55,58,295
5,170,161,174,179,47,440,184,55,295
5,170,161,174,179,37,47,440,184,58,295
5,170,etc,22,79,161,174,179,37,47,440,184,55,58,295
5,170,161,174,179,37,440,184,55,58,295
5,170,161,174,179,47,440,184,55,58,295
5,170,174,179,37,47,440,184,55,295
5,170,174,179,37,47,440,184,55,58,295
5,170,161,174,179,37,47,440,184,295
5,170,161,174,37,47,440,184,55,58,295
5,170,184,55,295
5,170,161,295
5,170,161,55,295
170,161,184,55,295
170,161,174,179,37,47,440,184,55,58,295
5,58,295
5,170,etc,22,79,161,174,179,440,184,55,58,295
184,55,295
5,170,161,174,179,37,47,440,55,58,295
5,170,161,174,179,47,440,184,295
440,184,55,58,295
5,295
5,174,179,37,47,440,184,55,58,295
58,295
184,55,58,295
5,170,161,179,37,47,440,184,55,58,295
5,170,161,174,179,440,184,55,58,295
5,170,161,174,179,37,47,440,58,295
5,170,295
5,170,55,58,295
5,440,184,55,58,295
5,55,58,295
5,170,161,174,179,37,47,440,184,55
5,170,161,184,295
5,170,161,184,55,58,295
5,170,161,174,179,37,47,55,58,295
5,170,55,295
55,58,295
47,440,184,55,58,295
37,47,440,184,55,58,295
5,170,161,174
5,170,161,174,179,37,47,440,184,55,58
5,170,161,174,47,440,184,55,58,295
5,170,58,295
295
5,170,161,174,179,440,184,55,295
161,184,55,295
5,170,161,174,179,47,440,184,58,295
5,170,161,174,179,37,184,55,58,295
5,170,161,174,37,47,440,184,55,295
5,170,161
5,170,161,174,295
5,170,etc,22,79,161,174,37,47,440,184,55,58,295