Sample	LpxA_CC	LpxA_CT	LpxA_TC	LpxA_TT	PleD_AA	PleD_GA	PleD_GG	PleD_AG	TufB_AA	TufB_AC	TufB_GA	TufB_GC
FLD0049.A33_R09L-4-Ta	54	84	48	49	3	368	231		39	104	83	24
FLD0050.A34_R09L-4-Tb	31	263	3	27	2	606	59		17	92	63	19
FLD0051.A35_R09L-4-Tc	32	293	6	40		483	46		23	135	98	25
FLD0052.A17_R07B-2-Ta	51	169	17	30	18	122	34	1	3	4	8	
FLD0053.A18_R07B-2-Tb	26	19	120	35	20	297	326	18	1	12	8	4
FLD0054.A19_R07B-2-Tc	15	7	209	8		17	480		52	217	156	36
FLD0055.A20_R07B-2-Td	62	2	504	5	12	82	683	69	30	147	155	28
FLD0056.A09_R15H-3-T_old	102	1				1	347		100	200	194	100
FLD0057.A22_R08H-1-T	254	54	28	7	70	538	66	10	38	148	162	43
FLD0058.A24_R08H-2-Tb	38	182	14	47	1	336	74	1	76	222	176	87
FLD0059.A26_R08H-3-Ta	296	18			48	505	7		97	221	200	54
FLD0060.A02_R14B-3-T	229	3			175	114	50	106	37	182	159	32
FLD0061.A12_R16L-3-T	376	1				4	615		17	135	127	19
FLD0062.A05_R13L-5-T	155	131			120	391			49	151	132	25
FLD0064.A23_R08H-2-Ta	33	245	9	45		417	56	1	31	160	141	34
FLD0070.A07_R15H-1-T	93	1				3	561	5	57	357	89	63
FLD0071.A32_R09L-3-T	123	140	3	2	157	367	14	6	33	146	120	31
FLD0072.A31_R09L-2-Tc	169	127	40	23	217	316	70	41	39	158	149	25
FLD0073.A30_R09L-2-Tb	105	141	16	25	104	355	64	23	35	167	161	31
FLD0074.A29_R09L-2-Ta	171	96	20	19	261	358	38	38	11	72	89	5
FLD0075.A28_R08H-3-Tc	356	26			153	484	3		25	157	128	37
FLD0076.A27_R08H-3-Tb	328	75	3	4	107	616			88	313	307	83
FLD0078.A25_R08H-2-Tc	18	265		10		617	12	1	96	242	201	95
FLD0079.A21_R07B-3-T	94	91	26	20	103	396	207	40	22	104	113	15
FLD0080.A16_R07B-1-Td	99	61	23	10	249	282	40	42	20	110	126	17
FLD0081.A15_R07B-1-Tc	189	71	4	2	10	618	7		38	170	161	30
FLD0082.A14_R07B-1-Tb	122	78	49	25	44	334	119	12	63	233	252	59
FLD0083.A13_R07B-1-Ta	134	98	41	24	111	281	82	25	42	264	259	39
FLD0084.A12_R16L-3-T_bis	95	3				2	807	2	17	117	112	24
FLD0085.A11_R16L-2-T	249	3				2	552	2	31	172	164	35
FLD0086.A10_R16L-1-T	308	1				1	566	2	28	153	136	42
FLD0087.A09_R15H-3-T	246	1				1	539	1	28	139	118	33
FLD0088.A08_R15H-2-T	343	3				1	529	2	8	91	52	11
FLD0089.A06_R13L-3-T	46	233			40	607	4		12	79	60	14
FLD0090.A05_R13L-5-T_bis	180	107			148	485			36	190	158	37
FLD0091.A04_R13L-4-T	202	132			27	465	2		49	220	186	61
FLD0092.A03_R14B-4-T	329	1			291	181	70	125	43	196	163	25
FLD0094.A01_R14B-2-T	257	1	2			3	528	3	57	196	146	50