5, 170, 51, 22, 79, 161, 174, 179, 37, 47, 440, 184, 55, 58, 295,999
5, 170, 51, 22, 79, 161, 174, 179, 440, 184, 55, 58, 295,999
5, 170, 161, 174, 179, 37, 47, 440, 184, 55, 58, 295,999
5, 170, 161, 174, 179, 37, 440, 184, 55, 58, 295,999
5, 170, 161, 174, 179, 37, 47, 184, 55, 58, 295,999
5, 170, 161, 174, 179, 37, 47, 440, 184, 58, 295,999
5, 170, 174, 179, 37, 47, 440, 184, 55, 295,999
5, 170, 161, 174, 179, 37, 47, 440, 184, 55, 295,999
5, 170, 161, 174, 179, 47, 440, 184, 55, 295,999
5, 170, 161, 184, 55, 295,999
999
295,999
58, 295,999
55, 295,999
55, 58, 295,999
184, 58, 295,999
184, 55, 295,999
184, 55, 58, 295,999
440, 184, 55, 58, 295,999
47, 440, 184, 55, 58, 295,999
37, 47, 440, 184, 55, 58, 295,999
179, 37, 47, 440, 184, 55, 295,999
179, 37, 47, 440, 184, 55, 58, 295,999
174, 179, 37, 47, 440, 184, 58, 295,999
174, 179, 37, 47, 440, 184, 55, 58, 295,999
161, 184, 55, 295,999
161, 174, 179, 37, 47, 440, 184, 55, 58, 295,999
170, 161, 58, 295,999
170, 161, 184, 55, 295,999
170, 161, 174, 179, 37, 47, 440, 184, 55, 58, 295,999
5,999
5, 295,999
5, 58, 295,999
5, 55, 295,999
5, 55, 58, 295,999
5, 184, 55, 295,999
5, 184, 55, 58, 295,999
5, 440, 184, 55, 58, 295,999
5, 47, 440, 184, 55, 295,999
5, 47, 440, 184, 55, 58, 295,999
5, 37, 47, 440, 58, 295,999
5, 37, 47, 440, 184, 55, 58, 295,999
5, 179, 37, 440, 184, 55, 58, 295,999
5, 179, 37, 47, 440, 184, 55, 58, 295,999
5, 174, 58, 295,999
5, 174, 179, 58, 295,999
5, 174, 179, 37, 47, 440, 184, 55, 58, 295,999
5, 161, 295,999
5, 161, 174, 179, 37, 47, 440, 184, 55, 295,999
5, 161, 174, 179, 37, 47, 440, 184, 55, 58, 295,999
5, 170,999
5, 170, 295,999
5, 170, 58, 295,999
5, 170, 55, 295,999
5, 170, 55, 58, 295,999
5, 170, 184, 55, 295,999
5, 170, 184, 55, 58, 295,999
5, 170, 440, 184, 55, 58, 295,999
5, 170, 47, 440, 184, 55,999
5, 170, 47, 440, 184, 55, 58, 295,999
5, 170, 37, 47, 440, 184, 55, 58, 295,999
5, 170, 174, 179, 58, 295,999
5, 170, 174, 179, 47, 440, 184, 55, 295,999
5, 170, 174, 179, 37, 47,999
5, 170, 174, 179, 37, 47, 440, 184, 55, 58, 295,999
5, 170, 161,999
5, 170, 161, 295,999
5, 170, 161, 58, 295,999
5, 170, 161, 55, 295,999
5, 170, 161, 55, 58, 295,999
5, 170, 161, 184, 295,999
5, 170, 161, 184, 55,999
5, 170, 161, 184, 55, 58, 295,999
5, 170, 161, 440, 184, 58, 295,999
5, 170, 161, 440, 184, 55, 58, 295,999
5, 170, 161, 47, 440, 184, 55, 58, 295,999
5, 170, 161, 179, 37, 47, 440, 184, 55, 58, 295,999
5, 170, 161, 174,999
5, 170, 161, 174, 295,999
5, 170, 161, 174, 58,999
5, 170, 161, 174, 58, 295,999
5, 170, 161, 174, 55, 295,999
5, 170, 161, 174, 55, 58, 295,999
5, 170, 161, 174, 184, 295,999
5, 170, 161, 174, 184, 55, 58, 295,999
5, 170, 161, 174, 440, 184,999
5, 170, 161, 174, 440, 184, 55, 58, 295,999
5, 170, 161, 174, 47, 440, 184, 55, 58, 295,999
5, 170, 161, 174, 37, 47, 440, 184, 55, 58, 295,999
5, 170, 161, 174, 179,999
5, 170, 161, 174, 179, 58, 295,999
5, 170, 161, 174, 179, 55, 58, 295,999
5, 170, 161, 174, 179, 184, 295,999
5, 170, 161, 174, 179, 184, 55, 295,999
5, 170, 161, 174, 179, 440, 184, 55, 58, 295,999
5, 170, 161, 174, 179, 47, 58, 295,999
5, 170, 161, 174, 179, 47, 440,999
5, 170, 161, 174, 179, 47, 440, 184, 58, 295,999
5, 170, 161, 174, 179, 47, 440, 184, 55, 58, 295,999
5, 170, 161, 174, 179, 37,999
5, 170, 161, 174, 179, 37, 295,999
5, 170, 161, 174, 179, 37, 58, 295,999
5, 170, 161, 174, 179, 37, 55, 295,999
5, 170, 161, 174, 179, 37, 55, 58, 295,999
5, 170, 161, 174, 179, 37, 440, 184, 58, 295,999
5, 170, 161, 174, 179, 37, 440, 184, 55, 295,999
5, 170, 161, 174, 179, 37, 47, 58, 295,999
5, 170, 161, 174, 179, 37, 47, 55, 58, 295,999
5, 170, 161, 174, 179, 37, 47, 184, 55,999
5, 170, 161, 174, 179, 37, 47, 184, 55, 295,999
5, 170, 161, 174, 179, 37, 47, 440,999
5, 170, 161, 174, 179, 37, 47, 440, 295,999
5, 170, 161, 174, 179, 37, 47, 440, 55, 58, 295,999
5, 170, 161, 174, 179, 37, 47, 440, 184,999
5, 170, 161, 174, 179, 37, 47, 440, 184, 58,999
5, 170, 161, 174, 179, 37, 47, 440, 184, 55,999
5, 170, 161, 174, 179, 37, 47, 440, 184, 55, 58,999
5, 170, 22, 79, 161, 174, 179, 37, 47, 440, 184, 55, 58, 295,999
5, 170, 51, 22, 55, 58, 295,999
5, 170, 51, 22, 184, 55, 58, 295,999
5, 170, 51, 22, 79, 174, 179, 37, 47, 440, 184, 55, 58, 295,999
5, 170, 51, 22, 79, 161, 184, 55, 58, 295,999
5, 170, 51, 22, 79, 161, 174, 58, 295,999
5, 170, 51, 22, 79, 161, 174, 179, 37,999
av1,av2,av3,av4,av5,av6,av7,av8,av9,av10,av11,av12,av13,av14,av15,av16,av17,av18,av19,av20,av21,av22,av23,av24,av25,av26,av27,av28,av29,av30,av31,av32,av33,av34,av35,av36,av37,av38,av39,av40,av41,av42,av43,av44,av45,av46,av47,av48,av49,av50,av51,av52,av53,av54,av55,av56,av57,av58,av59,55,58,999