5, 170, 51, 22, 79, 161, 174, 179, 37, 47, 440, 184, 55, 58, 295
5, 170, 51, 22, 79, 161, 174, 179, 440, 184, 55, 58, 295
5, 170, 161, 174, 179, 37, 47, 440, 184, 55, 58, 295
5, 170, 161, 174, 179, 37, 440, 184, 55, 58, 295
5, 170, 161, 174, 179, 37, 47, 184, 55, 58, 295
5, 170, 161, 174, 179, 37, 47, 440, 184, 58, 295
5, 170, 174, 179, 37, 47, 440, 184, 55, 295
5, 170, 161, 174, 179, 37, 47, 440, 184, 55, 295
5, 170, 161, 174, 179, 47, 440, 184, 55, 295
5, 170, 161, 184, 55, 295
295
58, 295
55, 295
55, 58, 295
184, 58, 295
184, 55, 295
184, 55, 58, 295
440, 184, 55, 58, 295
47, 440, 184, 55, 58, 295
37, 47, 440, 184, 55, 58, 295
179, 37, 47, 440, 184, 55, 295
179, 37, 47, 440, 184, 55, 58, 295
174, 179, 37, 47, 440, 184, 58, 295
174, 179, 37, 47, 440, 184, 55, 58, 295
161, 184, 55, 295
161, 174, 179, 37, 47, 440, 184, 55, 58, 295
170, 161, 58, 295
170, 161, 184, 55, 295
170, 161, 174, 179, 37, 47, 440, 184, 55, 58, 295
5
5, 295
5, 58, 295
5, 55, 295
5, 55, 58, 295
5, 184, 55, 295
5, 184, 55, 58, 295
5, 440, 184, 55, 58, 295
5, 47, 440, 184, 55, 295
5, 47, 440, 184, 55, 58, 295
5, 37, 47, 440, 58, 295
5, 37, 47, 440, 184, 55, 58, 295
5, 179, 37, 440, 184, 55, 58, 295
5, 179, 37, 47, 440, 184, 55, 58, 295
5, 174, 58, 295
5, 174, 179, 58, 295
5, 174, 179, 37, 47, 440, 184, 55, 58, 295
5, 161, 295
5, 161, 174, 179, 37, 47, 440, 184, 55, 295
5, 161, 174, 179, 37, 47, 440, 184, 55, 58, 295
5, 170
5, 170, 295
5, 170, 58, 295
5, 170, 55, 295
5, 170, 55, 58, 295
5, 170, 184, 55, 295
5, 170, 184, 55, 58, 295
5, 170, 440, 184, 55, 58, 295
5, 170, 47, 440, 184, 55
5, 170, 47, 440, 184, 55, 58, 295
5, 170, 37, 47, 440, 184, 55, 58, 295
5, 170, 174, 179, 58, 295
5, 170, 174, 179, 47, 440, 184, 55, 295
5, 170, 174, 179, 37, 47
5, 170, 174, 179, 37, 47, 440, 184, 55, 58, 295
5, 170, 161
5, 170, 161, 295
5, 170, 161, 58, 295
5, 170, 161, 55, 295
5, 170, 161, 55, 58, 295
5, 170, 161, 184, 295
5, 170, 161, 184, 55
5, 170, 161, 184, 55, 58, 295
5, 170, 161, 440, 184, 58, 295
5, 170, 161, 440, 184, 55, 58, 295
5, 170, 161, 47, 440, 184, 55, 58, 295
5, 170, 161, 179, 37, 47, 440, 184, 55, 58, 295
5, 170, 161, 174
5, 170, 161, 174, 295
5, 170, 161, 174, 58
5, 170, 161, 174, 58, 295
5, 170, 161, 174, 55, 295
5, 170, 161, 174, 55, 58, 295
5, 170, 161, 174, 184, 295
5, 170, 161, 174, 184, 55, 58, 295
5, 170, 161, 174, 440, 184
5, 170, 161, 174, 440, 184, 55, 58, 295
5, 170, 161, 174, 47, 440, 184, 55, 58, 295
5, 170, 161, 174, 37, 47, 440, 184, 55, 58, 295
5, 170, 161, 174, 179
5, 170, 161, 174, 179, 58, 295
5, 170, 161, 174, 179, 55, 58, 295
5, 170, 161, 174, 179, 184, 295
5, 170, 161, 174, 179, 184, 55, 295
5, 170, 161, 174, 179, 440, 184, 55, 58, 295
5, 170, 161, 174, 179, 47, 58, 295
5, 170, 161, 174, 179, 47, 440
5, 170, 161, 174, 179, 47, 440, 184, 58, 295
5, 170, 161, 174, 179, 47, 440, 184, 55, 58, 295
5, 170, 161, 174, 179, 37
5, 170, 161, 174, 179, 37, 295
5, 170, 161, 174, 179, 37, 58, 295
5, 170, 161, 174, 179, 37, 55, 295
5, 170, 161, 174, 179, 37, 55, 58, 295
5, 170, 161, 174, 179, 37, 440, 184, 58, 295
5, 170, 161, 174, 179, 37, 440, 184, 55, 295
5, 170, 161, 174, 179, 37, 47, 58, 295
5, 170, 161, 174, 179, 37, 47, 55, 58, 295
5, 170, 161, 174, 179, 37, 47, 184, 55
5, 170, 161, 174, 179, 37, 47, 184, 55, 295
5, 170, 161, 174, 179, 37, 47, 440
5, 170, 161, 174, 179, 37, 47, 440, 295
5, 170, 161, 174, 179, 37, 47, 440, 55, 58, 295
5, 170, 161, 174, 179, 37, 47, 440, 184
5, 170, 161, 174, 179, 37, 47, 440, 184, 58
5, 170, 161, 174, 179, 37, 47, 440, 184, 55
5, 170, 161, 174, 179, 37, 47, 440, 184, 55, 58
5, 170, 22, 79, 161, 174, 179, 37, 47, 440, 184, 55, 58, 295
5, 170, 51, 22, 55, 58, 295
5, 170, 51, 22, 184, 55, 58, 295
5, 170, 51, 22, 79, 174, 179, 37, 47, 440, 184, 55, 58, 295
5, 170, 51, 22, 79, 161, 184, 55, 58, 295
5, 170, 51, 22, 79, 161, 174, 58, 295
5, 170, 51, 22, 79, 161, 174, 179, 37