0	1	2	3	4	5	6	7	8	9
0
0.9542836552930658	0
2.7328316177289547	3.3370404992344698	0
3.299743421968224	3.9039523034737402	0.5683173571900524	0
3.299743421968224	3.9039523034737402	0.5683173571900524	0.9726366270325262	0
3.287410207769645	3.891619089275161	0.5545785900406907	1.1228959472307432	1.1228959472307432	0
3.8941538370534152	4.498362718558932	1.1627277722752432	1.5670470421177167	1.4286602359235003	1.717306362315934	0
3.3130789800408427	3.9172878615463578	0.5816529152626704	0.9859721851051442	0.8475853789109276	1.1362315053033611	0.5810748570125728	0
3.9789147016446256	4.583123583150142	1.2474886368664535	1.6518079067089273	1.513421100514711	1.8020672269071445	1.2508072833522106	0.6697324263396378	0
6.913881208304695	7.518090089810211	4.182455143526523	4.586774413368997	4.44838760717478	4.737033733567214	4.185773790012282	3.604698932999708	2.9349665066600696	0