	R09L-4-Ta	R09L-4-Tb	R09L-4-Tc	R07B-2-Ta	R07B-2-Tb	R07B-2-Tc	R07B-2-Td	R15H-3-T_old	R08H-1-T	R08H-2-Tb	R08H-3-Ta	R14B-3-T	R16L-3-T	R13L-5-T	R08H-2-Ta	R15H-1-T	R09L-3-T	R09L-2-Tc	R09L-2-Tb	R09L-2-Ta	R08H-3-Tc	R08H-3-Tb	R08H-2-Tc	R07B-3-T	R07B-1-Td	R07B-1-Tc	R07B-1-Tb	R07B-1-Ta	R16L-3-T_bis	R16L-2-T	R16L-1-T	R15H-3-T	R15H-2-T	R13L-3-T	R13L-5-T_bis	R13L-4-T	R14B-4-T	R14B-2-T
R09L-4-Ta	0																																					
R09L-4-Tb	0.21675	0																																				
R09L-4-Tc	0.21247	-0.0016	0																																			
R07B-2-Ta	0.04916	0.12283	0.12435	0																																		
R07B-2-Tb	0.0353	0.34276	0.33446	0.12459	0																																	
R07B-2-Tc	0.53388	0.86086	0.87125	0.75365	0.36489	0																																
R07B-2-Td	0.3635	0.69484	0.69146	0.51237	0.20747	0.06989	0																															
R15H-3-T_old	0.54878	0.88043	0.89392	0.77994	0.38302	0.02087	0.09663	0																														
R08H-1-T	0.12723	0.04364	0.04515	0.01904	0.23161	0.73708	0.58944	0.74786	0																													
R08H-2-Tb	0.09099	0.03547	0.03714	0.02955	0.20216	0.77948	0.58643	0.7989	0.02378	0																												
R08H-3-Ta	0.25343	0.03381	0.03524	0.12883	0.36437	0.86851	0.70381	0.88757	0.03436	0.08178	0																											
R14B-3-T	0.25929	0.4515	0.43807	0.20629	0.22389	0.57081	0.42155	0.56772	0.29303	0.33667	0.4097	0																										
R16L-3-T	0.6025	0.89793	0.91105	0.83289	0.43338	0.01885	0.11073	-0.001	0.78399	0.83626	0.90584	0.63221	0																									
R13L-5-T	0.2073	0.13946	0.13948	0.06832	0.29023	0.77949	0.62703	0.78997	0.03514	0.1154	0.07011	0.25113	0.82642	0																								
R08H-2-Ta	0.16321	0.00283	0.00364	0.0779	0.28373	0.83885	0.65389	0.86038	0.03017	0.01308	0.04474	0.39661	0.88488	0.12297	0																							
R15H-1-T	0.58349	0.88732	0.89958	0.80956	0.41469	0.01239	0.09714	0.00302	0.77047	0.81983	0.89502	0.61139	0.00171	0.81254	0.87159	0																						
R09L-3-T	0.18299	0.18882	0.18603	0.06077	0.24614	0.71605	0.57205	0.72231	0.05898	0.13596	0.12606	0.17453	0.7669	0.01234	0.16095	0.75171	0																					
R09L-2-Tc	0.15371	0.2682	0.26079	0.08007	0.17038	0.57909	0.44719	0.58126	0.12733	0.18222	0.22471	0.0609	0.63354	0.08899	0.2275	0.61686	0.0382	0																				
R09L-2-Tb	0.09628	0.1359	0.13379	0.0128	0.15966	0.64911	0.49903	0.655	0.02915	0.07153	0.1089	0.16004	0.70632	0.0315	0.10477	0.68932	0.01764	0.03753	0																			
R09L-2-Ta	0.19226	0.27961	0.27263	0.09994	0.21594	0.61886	0.49314	0.62117	0.13632	0.20312	0.22588	0.07418	0.66907	0.08096	0.2425	0.65372	0.03092	0.00267	0.04649	0																		
R08H-3-Tc	0.20458	0.13744	0.13716	0.06571	0.2881	0.75922	0.6191	0.76814	0.03571	0.114	0.07209	0.24973	0.80354	-0.0016	0.12164	0.79052	0.00992	0.08519	0.0291	0.07698	0																	
R08H-3-Tb	0.23987	0.06918	0.07085	0.09485	0.34561	0.82121	0.67817	0.83431	0.02398	0.09024	0.013	0.36099	0.85853	0.02317	0.07032	0.84774	0.06922	0.17352	0.07129	0.16932	0.02617	0																
R08H-2-Tc	0.34401	0.04314	0.04386	0.31047	0.45484	0.94522	0.77183	0.97135	0.11344	0.15269	0.05801	0.53788	0.97248	0.21527	0.07789	0.96464	0.27132	0.34887	0.22556	0.35413	0.20434	0.11001	0															
R07B-3-T	0.03185	0.19624	0.19132	0.0279	0.05138	0.48166	0.34122	0.4901	0.0911	0.09757	0.19736	0.13229	0.53974	0.12161	0.15331	0.52302	0.08799	0.05155	0.03408	0.07958	0.11925	0.17157	0.2892	0														
R07B-1-Td	0.20811	0.32511	0.31635	0.1237	0.21752	0.61094	0.4806	0.61196	0.17286	0.23726	0.27169	0.05078	0.66406	0.11489	0.28274	0.6475	0.05471	0.00452	0.06832	0.00202	0.11092	0.21388	0.40453	0.08872	0													
R07B-1-Tc	0.34066	0.04305	0.04397	0.29059	0.45118	0.93872	0.76822	0.96376	0.10359	0.14882	0.04117	0.52706	0.96648	0.19305	0.07647	0.95848	0.25264	0.33644	0.213	0.34033	0.18466	0.09099	0.0022	0.28298	0.39096	0												
R07B-1-Tb	0.02945	0.12671	0.12499	0	0.09447	0.61611	0.44903	0.62563	0.03933	0.03924	0.13917	0.20576	0.68065	0.09154	0.08718	0.6619	0.07882	0.08374	0.02158	0.10829	0.08943	0.11841	0.24022	0.01651	0.12986	0.23283	0											
R07B-1-Ta	0.0839	0.19754	0.1924	0.02626	0.11963	0.59128	0.43729	0.59566	0.06877	0.1072	0.17164	0.10798	0.65416	0.06653	0.15554	0.63524	0.0324	0.01544	0.00767	0.02914	0.06315	0.12874	0.29709	0.01517	0.04108	0.28516	0.02668	0										
R16L-3-T_bis	0.63909	0.9105	0.92325	0.8618	0.47087	0.02753	0.12575	-0.00145	0.80736	0.85917	0.91838	0.67073	-0.00033	0.84855	0.90095	0.0023	0.79406	0.66705	0.73822	0.6997	0.82583	0.87465	0.97618	0.57417	0.69669	0.97095	0.71539	0.69056	0									
R16L-2-T	0.59053	0.89344	0.90655	0.82137	0.42184	0.01935	0.10572	-0.00088	0.77582	0.82778	0.90122	0.6175	-0.00091	0.81827	0.87893	0.00004	0.75706	0.62175	0.69498	0.65826	0.79557	0.85282	0.97112	0.52841	0.65234	0.96483	0.66852	0.64123	-0.00119	0								
R16L-1-T	0.59635	0.89641	0.90971	0.82789	0.42769	0.02362	0.1094	-0.00121	0.77974	0.83244	0.90421	0.62297	-0.00016	0.8222	0.88264	0.0013	0.76139	0.62649	0.69988	0.66262	0.7993	0.85589	0.97317	0.53339	0.65698	0.96694	0.67403	0.64667	-0.00141	-0.00149	0							
R15H-3-T	0.59271	0.89602	0.90955	0.82597	0.42419	0.02528	0.1097	-0.00198	0.77753	0.83078	0.9038	0.6186	-0.00016	0.82015	0.88194	0.00286	0.75851	0.62273	0.69641	0.65919	0.79713	0.85469	0.97427	0.52978	0.65328	0.96788	0.67038	0.64263	-0.00141	-0.00098	-0.00151	0						
R15H-2-T	0.58837	0.8935	0.9068	0.82037	0.41992	0.02235	0.10638	-0.00112	0.77444	0.82691	0.90123	0.61398	-0.00027	0.81695	0.87878	0.0009	0.75506	0.61902	0.69258	0.65578	0.79416	0.85219	0.97232	0.52604	0.6496	0.96591	0.66612	0.63837	-0.00144	-0.00163	-0.00181	-0.00147	0					
R13L-3-T	0.29481	0.03384	0.03481	0.18613	0.40782	0.8958	0.73497	0.91601	0.05822	0.10631	0.00351	0.46523	0.92786	0.11095	0.0537	0.91861	0.17393	0.27363	0.1503	0.27495	0.11074	0.03361	0.03366	0.23701	0.32416	0.01901	0.17908	0.22001	0.93707	0.92452	0.92704	0.92711	0.92489	0				
R13L-5-T_bis	0.21008	0.13397	0.13393	0.06924	0.29535	0.76783	0.62662	0.77721	0.03498	0.1142	0.06715	0.25914	0.81164	-0.00177	0.11953	0.79877	0.01309	0.09229	0.03254	0.08383	-0.00137	0.02238	0.19968	0.12504	0.11884	0.17949	0.09332	0.06893	0.8333	0.80388	0.80755	0.80549	0.80254	0.10501	0			
R13L-4-T	0.28846	0.0349	0.03591	0.19114	0.39757	0.90805	0.73132	0.93253	0.06224	0.10881	0.00685	0.45116	0.94261	0.11627	0.05615	0.93262	0.17523	0.26768	0.15034	0.27008	0.11536	0.03946	0.02985	0.23162	0.31686	0.0145	0.177	0.2159	0.9509	0.93948	0.94217	0.94261	0.94018	-0.00124	0.10999	0		
R14B-4-T	0.25879	0.42258	0.41099	0.20316	0.22951	0.5462	0.42054	0.54469	0.27876	0.32462	0.38066	0.0015	0.59788	0.23088	0.37599	0.5806	0.15752	0.05113	0.15315	0.05989	0.22902	0.33437	0.49403	0.13389	0.03689	0.48405	0.20311	0.10343	0.63177	0.58545	0.59004	0.58625	0.58246	0.42958	0.23787	0.41798	0	
R14B-2-T	0.58023	0.88785	0.90052	0.80901	0.41159	0.0137	0.09879	0.00108	0.76868	0.81908	0.89554	0.60726	-0.00015	0.81101	0.87192	-0.00146	0.74913	0.61317	0.68609	0.65036	0.78875	0.84715	0.96704	0.51955	0.64389	0.96067	0.6586	0.63138	0.00046	-0.00117	-0.00012	0.00102	-0.00043	0.91967	0.79713	0.93425	0.57694	0